v 0.514650 -0.764368 0.327445 
v -1.484441 -0.704068 0.327445 
v -1.484441 -0.704068 2.327445 
v -1.484441 -0.704068 2.327445 
v 0.514650 -0.764368 2.327445 
v 0.514650 -0.764368 0.327445 
v 0.514650 -0.764368 2.327445 
v 0.727116 -2.824924 2.309707 
v 0.454349 -2.763459 0.327445 
v 0.454349 -2.763459 0.327445 
v 0.514650 -0.764368 0.327445 
v 0.514650 -0.764368 2.327445 
v 0.678676 -4.430820 0.619834 
v 0.405909 -4.369355 -1.380166 
v 0.454349 -2.763459 0.327445 
v 0.454349 -2.763459 0.327445 
v 0.727116 -2.824924 2.309707 
v 0.678676 -4.430820 0.619834 
v -1.484441 -0.704068 0.327445 
v -1.544742 -2.703158 0.327445 
v -1.271975 -2.764623 2.349940 
v -1.271975 -2.764623 2.349940 
v -1.484441 -0.704068 2.327445 
v -1.484441 -0.704068 0.327445 
v -1.484441 -0.704068 0.327445 
v 0.514650 -0.764368 0.327445 
v 0.454349 -2.763459 0.327445 
v 0.454349 -2.763459 0.327445 
v -1.544742 -2.703158 0.327445 
v -1.484441 -0.704068 0.327445 
v -1.271975 -2.764623 2.349940 
v 0.727116 -2.824924 2.309707 
v 0.514650 -0.764368 2.327445 
v 0.514650 -0.764368 2.327445 
v -1.484441 -0.704068 2.327445 
v -1.271975 -2.764623 2.349940 
v 0.678676 -4.430820 0.619834 
v -1.320415 -4.370519 0.619834 
v -1.593182 -4.309054 -1.380166 
v -1.593182 -4.309054 -1.380166 
v 0.405909 -4.369355 -1.380166 
v 0.678676 -4.430820 0.619834 
v -1.544742 -2.703158 0.327445 
v 0.454349 -2.763459 0.327445 
v 0.405909 -4.369355 -1.380166 
v 0.405909 -4.369355 -1.380166 
v -1.593182 -4.309054 -1.380166 
v -1.544742 -2.703158 0.327445 
v 0.727116 -2.824924 2.309707 
v -1.271975 -2.764623 2.349940 
v -1.320415 -4.370519 0.619834 
v -1.320415 -4.370519 0.619834 
v 0.678676 -4.430820 0.619834 
v 0.727116 -2.824924 2.309707 
v -1.271975 -2.764623 2.349940 
v -1.544742 -2.703158 0.327445 
v -1.593182 -4.309054 -1.380166 
v -1.593182 -4.309054 -1.380166 
v -1.320415 -4.370519 0.619834 
v -1.271975 -2.764623 2.349940 
v 3.041729 4.607874 -1.373974 
v 1.042638 4.668174 -1.373974 
v 2.798671 4.639835 0.840720 
v 2.798671 4.639835 0.840720 
v 4.797762 4.579535 0.840720 
v 3.041729 4.607874 -1.373974 
v 4.797762 4.579535 0.840720 
v 4.737462 2.580444 0.771669 
v 2.981429 2.608783 -1.443025 
v 2.981429 2.608783 -1.443025 
v 3.041729 4.607874 -1.373974 
v 4.797762 4.579535 0.840720 
v 2.738371 2.640744 0.771669 
v 0.982338 2.669084 -1.443025 
v 0.946443 1.479100 -1.443025 
v 0.946443 1.479100 -1.443025 
v 0.946443 1.479100 0.556975 
v 2.738371 2.640744 0.771669 
v 0.937524 1.183414 0.626026 
v 0.937524 1.183414 -1.373974 
v 0.982338 2.669084 -1.443025 
v 0.982338 2.669084 -1.443025 
v 2.738371 2.640744 0.771669 
v 0.937524 1.183414 0.626026 
v 1.042638 4.668174 -1.373974 
v 3.041729 4.607874 -1.373974 
v 2.981429 2.608783 -1.443025 
v 2.981429 2.608783 -1.443025 
v 0.982338 2.669084 -1.443025 
v 1.042638 4.668174 -1.373974 
v 3.833967 2.572481 1.791190 
v 3.894268 4.571572 1.860241 
v 2.798671 4.639835 0.840720 
v 2.798671 4.639835 0.840720 
v 2.738371 2.640744 0.771669 
v 3.833967 2.572481 1.791190 
v -3.271622 4.798309 -1.373974 
v -3.271622 4.798309 1.021815 
v -0.577556 4.717046 1.021815 
v -0.577556 4.717046 1.021815 
v -0.577556 4.717046 -1.373974 
v -3.271622 4.798309 -1.373974 
v 2.738371 2.640744 0.771669 
v 2.798671 4.639835 0.840720 
v -0.577556 4.717046 1.021815 
v -0.577556 4.717046 1.021815 
v -0.637856 2.717955 1.021815 
v 2.738371 2.640744 0.771669 
v 2.798671 4.639835 0.840720 
v 1.042638 4.668174 -1.373974 
v -0.577556 4.717046 -1.373974 
v -0.577556 4.717046 -1.373974 
v -0.577556 4.717046 1.021815 
v 2.798671 4.639835 0.840720 
v 1.042638 4.668174 -1.373974 
v 0.982338 2.669084 -1.443025 
v -0.637856 2.717955 -1.373974 
v -0.637856 2.717955 -1.373974 
v -0.577556 4.717046 -1.373974 
v 1.042638 4.668174 -1.373974 
v -3.271622 4.798309 -1.373974 
v -3.331923 2.799218 -1.373974 
v -4.716365 4.127767 -1.373974 
v -4.716365 4.127767 -1.373974 
v -4.656064 6.126858 -1.373974 
v -3.271622 4.798309 -1.373974 
v -0.637856 2.717955 1.021815 
v -3.331923 2.799218 1.021815 
v -2.297189 1.539699 0.626026 
v -2.297189 1.539699 0.626026 
v -0.674873 1.490763 0.626026 
v -0.637856 2.717955 1.021815 
v -0.637856 2.717955 1.021815 
v -0.577556 4.717046 1.021815 
v -3.271622 4.798309 1.021815 
v -3.271622 4.798309 1.021815 
v -3.331923 2.799218 1.021815 
v -0.637856 2.717955 1.021815 
v -0.577556 4.717046 -1.373974 
v -0.637856 2.717955 -1.373974 
v -3.331923 2.799218 -1.373974 
v -3.331923 2.799218 -1.373974 
v -3.271622 4.798309 -1.373974 
v -0.577556 4.717046 -1.373974 
v -0.682670 1.232285 -1.373974 
v 0.937524 1.183414 -1.373974 
v 0.876469 -0.840717 -1.373974 
v 0.876469 -0.840717 -1.373974 
v -0.743726 -0.791845 -1.373974 
v -0.682670 1.232285 -1.373974 
v -0.637856 2.717955 -1.373974 
v 0.982338 2.669084 -1.443025 
v 0.937524 1.183414 -1.373974 
v 0.937524 1.183414 -1.373974 
v -0.682670 1.232285 -1.373974 
v -0.637856 2.717955 -1.373974 
v -0.637856 2.717955 1.021815 
v -0.637856 2.717955 -1.373974 
v -0.682670 1.232285 -1.373974 
v -0.682670 1.232285 -1.373974 
v -0.682670 1.232285 0.626026 
v -0.637856 2.717955 1.021815 
v 2.738371 2.640744 0.771669 
v -0.637856 2.717955 1.021815 
v -0.682670 1.232285 0.626026 
v -0.682670 1.232285 0.626026 
v 0.937524 1.183414 0.626026 
v 2.738371 2.640744 0.771669 
v 0.946443 1.479100 0.556975 
v 0.946443 1.479100 -1.443025 
v 0.874397 -0.909398 -1.443025 
v 0.874397 -0.909398 -1.443025 
v 0.874397 -0.909398 0.556975 
v 0.946443 1.479100 0.556975 
v 2.945534 1.418799 0.556975 
v 2.945534 1.418799 -1.443025 
v 2.981429 2.608783 -1.443025 
v 2.981429 2.608783 -1.443025 
v 4.737462 2.580444 0.771669 
v 2.945534 1.418799 0.556975 
v 0.982338 2.669084 -1.443025 
v 2.981429 2.608783 -1.443025 
v 2.945534 1.418799 -1.443025 
v 2.945534 1.418799 -1.443025 
v 0.946443 1.479100 -1.443025 
v 0.982338 2.669084 -1.443025 
v 4.737462 2.580444 0.771669 
v 2.738371 2.640744 0.771669 
v 0.946443 1.479100 0.556975 
v 0.946443 1.479100 0.556975 
v 2.945534 1.418799 0.556975 
v 4.737462 2.580444 0.771669 
v -2.297189 1.539699 0.626026 
v -2.297189 1.539699 -1.373974 
v -2.362741 -0.633479 -1.373974 
v -2.362741 -0.633479 -1.373974 
v -2.362741 -0.633479 0.626026 
v -2.297189 1.539699 0.626026 
v -0.674873 1.490763 0.626026 
v -0.674873 1.490763 -1.373974 
v -0.637856 2.717955 -1.373974 
v -0.637856 2.717955 -1.373974 
v -0.637856 2.717955 1.021815 
v -0.674873 1.490763 0.626026 
v -3.331923 2.799218 1.021815 
v -3.331923 2.799218 -1.373974 
v -2.297189 1.539699 -1.373974 
v -2.297189 1.539699 -1.373974 
v -2.297189 1.539699 0.626026 
v -3.331923 2.799218 1.021815 
v -3.331923 2.799218 -1.373974 
v -0.637856 2.717955 -1.373974 
v -0.674873 1.490763 -1.373974 
v -0.674873 1.490763 -1.373974 
v -2.297189 1.539699 -1.373974 
v -3.331923 2.799218 -1.373974 
v -4.716365 4.127767 1.021815 
v -4.656064 6.126858 1.021815 
v -4.656064 6.126858 -1.373974 
v -4.656064 6.126858 -1.373974 
v -4.716365 4.127767 -1.373974 
v -4.716365 4.127767 1.021815 
v -4.656064 6.126858 -1.373974 
v -4.656064 6.126858 1.021815 
v -3.271622 4.798309 1.021815 
v -3.271622 4.798309 1.021815 
v -3.271622 4.798309 -1.373974 
v -4.656064 6.126858 -1.373974 
v -4.716365 4.127767 1.021815 
v -4.716365 4.127767 -1.373974 
v -3.331923 2.799218 -1.373974 
v -3.331923 2.799218 -1.373974 
v -3.331923 2.799218 1.021815 
v -4.716365 4.127767 1.021815 
v -5.674825 3.970663 2.424718 
v -5.614525 5.969754 2.424718 
v -4.656064 6.126858 1.021815 
v -4.656064 6.126858 1.021815 
v -4.716365 4.127767 1.021815 
v -5.674825 3.970663 2.424718 
v 3.833967 2.572481 1.791190 
v 5.833058 2.512181 1.791190 
v 5.893359 4.511272 1.860241 
v 5.893359 4.511272 1.860241 
v 3.894268 4.571572 1.860241 
v 3.833967 2.572481 1.791190 
v 5.833058 2.512181 1.791190 
v 3.833967 2.572481 1.791190 
v 2.738371 2.640744 0.771669 
v 2.738371 2.640744 0.771669 
v 4.737462 2.580444 0.771669 
v 5.833058 2.512181 1.791190 
v 3.894268 4.571572 1.860241 
v 5.893359 4.511272 1.860241 
v 4.797762 4.579535 0.840720 
v 4.797762 4.579535 0.840720 
v 2.798671 4.639835 0.840720 
v 3.894268 4.571572 1.860241 
v 5.893359 4.511272 1.860241 
v 5.833058 2.512181 1.791190 
v 4.737462 2.580444 0.771669 
v 4.737462 2.580444 0.771669 
v 4.797762 4.579535 0.840720 
v 5.893359 4.511272 1.860241 
v -4.290383 2.642115 2.424718 
v -4.230083 4.641205 2.424718 
v -5.614525 5.969754 2.424718 
v -5.614525 5.969754 2.424718 
v -5.674825 3.970663 2.424718 
v -4.290383 2.642115 2.424718 
v -5.614525 5.969754 2.424718 
v -4.230083 4.641205 2.424718 
v -3.271622 4.798309 1.021815 
v -3.271622 4.798309 1.021815 
v -4.656064 6.126858 1.021815 
v -5.614525 5.969754 2.424718 
v -3.331923 2.799218 1.021815 
v -3.271622 4.798309 1.021815 
v -4.230083 4.641205 2.424718 
v -4.230083 4.641205 2.424718 
v -4.290383 2.642115 2.424718 
v -3.331923 2.799218 1.021815 
v -4.290383 2.642115 2.424718 
v -5.674825 3.970663 2.424718 
v -4.716365 4.127767 1.021815 
v -4.716365 4.127767 1.021815 
v -3.331923 2.799218 1.021815 
v -4.290383 2.642115 2.424718 
v 0.874397 -0.909398 0.556975 
v 0.874397 -0.909398 -1.443025 
v 0.812694 -2.954976 -1.443025 
v 0.812694 -2.954976 -1.443025 
v 0.812694 -2.954976 0.556975 
v 0.874397 -0.909398 0.556975 
v 0.946443 1.479100 -1.443025 
v 2.945534 1.418799 -1.443025 
v 2.873488 -0.969699 -1.443025 
v 2.873488 -0.969699 -1.443025 
v 0.874397 -0.909398 -1.443025 
v 0.946443 1.479100 -1.443025 
v 2.873488 -0.969699 0.556975 
v 2.873488 -0.969699 -1.443025 
v 2.945534 1.418799 -1.443025 
v 2.945534 1.418799 -1.443025 
v 2.945534 1.418799 0.556975 
v 2.873488 -0.969699 0.556975 
v 2.945534 1.418799 0.556975 
v 0.946443 1.479100 0.556975 
v 0.874397 -0.909398 0.556975 
v 0.874397 -0.909398 0.556975 
v 2.873488 -0.969699 0.556975 
v 2.945534 1.418799 0.556975 
v -0.743726 -0.791845 0.626026 
v -0.743726 -0.791845 -1.373974 
v -0.806098 -2.859617 -1.373974 
v -0.806098 -2.859617 -1.373974 
v -0.806098 -2.859617 0.626026 
v -0.743726 -0.791845 0.626026 
v 0.937524 1.183414 0.626026 
v -0.682670 1.232285 0.626026 
v -0.743726 -0.791845 0.626026 
v -0.743726 -0.791845 0.626026 
v 0.876469 -0.840717 0.626026 
v 0.937524 1.183414 0.626026 
v 0.876469 -0.840717 0.626026 
v 0.876469 -0.840717 -1.373974 
v 0.937524 1.183414 -1.373974 
v 0.937524 1.183414 -1.373974 
v 0.937524 1.183414 0.626026 
v 0.876469 -0.840717 0.626026 
v -0.682670 1.232285 0.626026 
v -0.682670 1.232285 -1.373974 
v -0.743726 -0.791845 -1.373974 
v -0.743726 -0.791845 -1.373974 
v -0.743726 -0.791845 0.626026 
v -0.682670 1.232285 0.626026 
v -2.362741 -0.633479 0.626026 
v -2.362741 -0.633479 -1.373974 
v -2.426280 -2.739946 -1.373974 
v -2.426280 -2.739946 -1.373974 
v -2.426280 -2.739946 0.626026 
v -2.362741 -0.633479 0.626026 
v -2.297189 1.539699 -1.373974 
v -0.674873 1.490763 -1.373974 
v -0.740425 -0.682414 -1.373974 
v -0.740425 -0.682414 -1.373974 
v -2.362741 -0.633479 -1.373974 
v -2.297189 1.539699 -1.373974 
v -0.674873 1.490763 0.626026 
v -2.297189 1.539699 0.626026 
v -2.362741 -0.633479 0.626026 
v -2.362741 -0.633479 0.626026 
v -0.740425 -0.682414 0.626026 
v -0.674873 1.490763 0.626026 
v -0.740425 -0.682414 0.626026 
v -0.740425 -0.682414 -1.373974 
v -0.674873 1.490763 -1.373974 
v -0.674873 1.490763 -1.373974 
v -0.674873 1.490763 0.626026 
v -0.740425 -0.682414 0.626026 
v 2.771474 -4.351679 0.556975 
v 2.771474 -4.351679 -1.443025 
v 2.811785 -3.015277 -1.443025 
v 2.811785 -3.015277 -1.443025 
v 2.811785 -3.015277 0.556975 
v 2.771474 -4.351679 0.556975 
v 0.874397 -0.909398 -1.443025 
v 2.873488 -0.969699 -1.443025 
v 2.811785 -3.015277 -1.443025 
v 2.811785 -3.015277 -1.443025 
v 0.812694 -2.954976 -1.443025 
v 0.874397 -0.909398 -1.443025 
v 2.811785 -3.015277 0.556975 
v 2.811785 -3.015277 -1.443025 
v 2.873488 -0.969699 -1.443025 
v 2.873488 -0.969699 -1.443025 
v 2.873488 -0.969699 0.556975 
v 2.811785 -3.015277 0.556975 
v 2.873488 -0.969699 0.556975 
v 0.874397 -0.909398 0.556975 
v 0.812694 -2.954976 0.556975 
v 0.812694 -2.954976 0.556975 
v 2.811785 -3.015277 0.556975 
v 2.873488 -0.969699 0.556975 
v 0.814097 -2.908489 0.626026 
v -0.806098 -2.859617 0.626026 
v -0.849635 -4.302971 0.626026 
v -0.849635 -4.302971 0.626026 
v 0.770559 -4.351842 0.626026 
v 0.814097 -2.908489 0.626026 
v -0.743726 -0.791845 -1.373974 
v 0.876469 -0.840717 -1.373974 
v 0.814097 -2.908489 -1.373974 
v 0.814097 -2.908489 -1.373974 
v -0.806098 -2.859617 -1.373974 
v -0.743726 -0.791845 -1.373974 
v 0.876469 -0.840717 0.626026 
v -0.743726 -0.791845 0.626026 
v -0.806098 -2.859617 0.626026 
v -0.806098 -2.859617 0.626026 
v 0.814097 -2.908489 0.626026 
v 0.876469 -0.840717 0.626026 
v 0.814097 -2.908489 0.626026 
v 0.814097 -2.908489 -1.373974 
v 0.876469 -0.840717 -1.373974 
v 0.876469 -0.840717 -1.373974 
v 0.876469 -0.840717 0.626026 
v 0.814097 -2.908489 0.626026 
v -2.426280 -2.739946 -1.373974 
v -0.803964 -2.788882 -1.373974 
v -0.849734 -4.306258 -1.373974 
v -0.849734 -4.306258 -1.373974 
v -2.472050 -4.257322 -1.373974 
v -2.426280 -2.739946 -1.373974 
v -2.362741 -0.633479 -1.373974 
v -0.740425 -0.682414 -1.373974 
v -0.803964 -2.788882 -1.373974 
v -0.803964 -2.788882 -1.373974 
v -2.426280 -2.739946 -1.373974 
v -2.362741 -0.633479 -1.373974 
v -0.740425 -0.682414 0.626026 
v -2.362741 -0.633479 0.626026 
v -2.426280 -2.739946 0.626026 
v -2.426280 -2.739946 0.626026 
v -0.803964 -2.788882 0.626026 
v -0.740425 -0.682414 0.626026 
v -0.803964 -2.788882 0.626026 
v -0.803964 -2.788882 -1.373974 
v -0.740425 -0.682414 -1.373974 
v -0.740425 -0.682414 -1.373974 
v -0.740425 -0.682414 0.626026 
v -0.803964 -2.788882 0.626026 
v -2.472050 -4.257322 -1.373974 
v -0.849734 -4.306258 -1.373974 
v 0.785155 -5.425602 -1.373974 
v 0.785155 -5.425602 -1.373974 
v -0.837161 -5.376667 -1.373974 
v -2.472050 -4.257322 -1.373974 
v -0.803964 -2.788882 0.626026 
v -2.426280 -2.739946 0.626026 
v -2.279118 -4.312177 0.693796 
v -2.279118 -4.312177 0.693796 
v -0.656802 -4.361112 0.693796 
v -0.803964 -2.788882 0.626026 
v -0.656802 -4.361112 0.693796 
v -0.849734 -4.306258 -1.373974 
v -0.803964 -2.788882 -1.373974 
v -0.803964 -2.788882 -1.373974 
v -0.803964 -2.788882 0.626026 
v -0.656802 -4.361112 0.693796 
v -2.426280 -2.739946 0.626026 
v -2.426280 -2.739946 -1.373974 
v -2.472050 -4.257322 -1.373974 
v -2.472050 -4.257322 -1.373974 
v -2.279118 -4.312177 0.693796 
v -2.426280 -2.739946 0.626026 
v -0.849635 -4.302971 0.626026 
v -0.849635 -4.302971 -1.373974 
v -0.902244 -6.047077 -1.373974 
v -0.902244 -6.047077 -1.373974 
v -0.902244 -6.047077 0.626026 
v -0.849635 -4.302971 0.626026 
v 0.770559 -4.351842 0.626026 
v 0.770559 -4.351842 -1.373974 
v 0.814097 -2.908489 -1.373974 
v 0.814097 -2.908489 -1.373974 
v 0.814097 -2.908489 0.626026 
v 0.770559 -4.351842 0.626026 
v -0.806098 -2.859617 0.626026 
v -0.806098 -2.859617 -1.373974 
v -0.849635 -4.302971 -1.373974 
v -0.849635 -4.302971 -1.373974 
v -0.849635 -4.302971 0.626026 
v -0.806098 -2.859617 0.626026 
v -0.806098 -2.859617 -1.373974 
v 0.814097 -2.908489 -1.373974 
v 0.770559 -4.351842 -1.373974 
v 0.770559 -4.351842 -1.373974 
v -0.849635 -4.302971 -1.373974 
v -0.806098 -2.859617 -1.373974 
v 1.144240 -5.256951 0.556975 
v 1.144240 -5.256951 -1.443025 
v 2.771474 -4.351679 -1.443025 
v 2.771474 -4.351679 -1.443025 
v 2.771474 -4.351679 0.556975 
v 1.144240 -5.256951 0.556975 
v 2.811785 -3.015277 0.556975 
v 0.812694 -2.954976 0.556975 
v 0.772383 -4.291378 0.556975 
v 0.772383 -4.291378 0.556975 
v 2.771474 -4.351679 0.556975 
v 2.811785 -3.015277 0.556975 
v 0.812694 -2.954976 0.556975 
v 0.812694 -2.954976 -1.443025 
v 0.772383 -4.291378 -1.443025 
v 0.772383 -4.291378 -1.443025 
v 0.772383 -4.291378 0.556975 
v 0.812694 -2.954976 0.556975 
v 0.812694 -2.954976 -1.443025 
v 2.811785 -3.015277 -1.443025 
v 2.771474 -4.351679 -1.443025 
v 2.771474 -4.351679 -1.443025 
v 0.772383 -4.291378 -1.443025 
v 0.812694 -2.954976 -1.443025 
v 0.717950 -6.095948 0.626026 
v -0.902244 -6.047077 0.626026 
v -0.367717 -6.401269 -0.528117 
v -0.367717 -6.401269 -0.528117 
v 1.252477 -6.450140 -0.528117 
v 0.717950 -6.095948 0.626026 
v -0.849635 -4.302971 -1.373974 
v 0.770559 -4.351842 -1.373974 
v 0.717950 -6.095948 -1.373974 
v 0.717950 -6.095948 -1.373974 
v -0.902244 -6.047077 -1.373974 
v -0.849635 -4.302971 -1.373974 
v 0.770559 -4.351842 0.626026 
v -0.849635 -4.302971 0.626026 
v -0.902244 -6.047077 0.626026 
v -0.902244 -6.047077 0.626026 
v 0.717950 -6.095948 0.626026 
v 0.770559 -4.351842 0.626026 
v 0.717950 -6.095948 0.626026 
v 0.717950 -6.095948 -1.373974 
v 0.770559 -4.351842 -1.373974 
v 0.770559 -4.351842 -1.373974 
v 0.770559 -4.351842 0.626026 
v 0.717950 -6.095948 0.626026 
v 1.144240 -5.256951 0.556975 
v -0.854850 -5.196651 0.556975 
v -0.854850 -5.196651 -1.443025 
v -0.854850 -5.196651 -1.443025 
v 1.144240 -5.256951 -1.443025 
v 1.144240 -5.256951 0.556975 
v 2.771474 -4.351679 0.556975 
v 0.772383 -4.291378 0.556975 
v -0.854850 -5.196651 0.556975 
v -0.854850 -5.196651 0.556975 
v 1.144240 -5.256951 0.556975 
v 2.771474 -4.351679 0.556975 
v 0.772383 -4.291378 0.556975 
v 0.772383 -4.291378 -1.443025 
v -0.854850 -5.196651 -1.443025 
v -0.854850 -5.196651 -1.443025 
v -0.854850 -5.196651 0.556975 
v 0.772383 -4.291378 0.556975 
v 0.772383 -4.291378 -1.443025 
v 2.771474 -4.351679 -1.443025 
v 1.144240 -5.256951 -1.443025 
v 1.144240 -5.256951 -1.443025 
v -0.854850 -5.196651 -1.443025 
v 0.772383 -4.291378 -1.443025 
v -0.644230 -5.431520 0.693796 
v -0.837161 -5.376667 -1.373974 
v 0.785155 -5.425602 -1.373974 
v 0.785155 -5.425602 -1.373974 
v 0.978087 -5.480456 0.693796 
v -0.644230 -5.431520 0.693796 
v -0.656802 -4.361112 0.693796 
v -2.279118 -4.312177 0.693796 
v -0.644230 -5.431520 0.693796 
v -0.644230 -5.431520 0.693796 
v 0.978087 -5.480456 0.693796 
v -0.656802 -4.361112 0.693796 
v 0.978087 -5.480456 0.693796 
v 0.785155 -5.425602 -1.373974 
v -0.849734 -4.306258 -1.373974 
v -0.849734 -4.306258 -1.373974 
v -0.656802 -4.361112 0.693796 
v 0.978087 -5.480456 0.693796 
v -2.279118 -4.312177 0.693796 
v -2.472050 -4.257322 -1.373974 
v -0.837161 -5.376667 -1.373974 
v -0.837161 -5.376667 -1.373974 
v -0.644230 -5.431520 0.693796 
v -2.279118 -4.312177 0.693796 
v -0.367717 -6.401269 -0.528117 
v -0.367717 -6.401269 -2.528117 
v 1.252477 -6.450140 -2.528117 
v 1.252477 -6.450140 -2.528117 
v 1.252477 -6.450140 -0.528117 
v -0.367717 -6.401269 -0.528117 
v 1.252477 -6.450140 -0.528117 
v 1.252477 -6.450140 -2.528117 
v 0.717950 -6.095948 -1.373974 
v 0.717950 -6.095948 -1.373974 
v 0.717950 -6.095948 0.626026 
v 1.252477 -6.450140 -0.528117 
v -0.902244 -6.047077 0.626026 
v -0.902244 -6.047077 -1.373974 
v -0.367717 -6.401269 -2.528117 
v -0.367717 -6.401269 -2.528117 
v -0.367717 -6.401269 -0.528117 
v -0.902244 -6.047077 0.626026 
v -0.902244 -6.047077 -1.373974 
v 0.717950 -6.095948 -1.373974 
v 1.252477 -6.450140 -2.528117 
v 1.252477 -6.450140 -2.528117 
v -0.367717 -6.401269 -2.528117 
v -0.902244 -6.047077 -1.373974 



vt 1.0 1.0
vt 1.0 0.0 
vt 0.0 0.0  
vt 0.0 1.0

i 0 1 2 3 4 5 6 7 8 9 10 11 12 13 14 15 16 17 18 19 20 21 22 23 24 25 26 27 28 29 30 31 32 33 34 35 36 37 38 39 40 41 42 43 44 45 46 47 48 49 50 51 52 53 54 55 56 57 58 59 60 61 62 63 64 65 66 67 68 69 70 71 72 73 74 75 76 77 78 79 80 81 82 83 84 85 86 87 88 89 90 91 92 93 94 95 96 97 98 99 100 101 102 103 104 105 106 107 108 109 110 111 112 113 114 115 116 117 118 119 120 121 122 123 124 125 126 127 128 129 130 131 132 133 134 135 136 137 138 139 140 141 142 143 144 145 146 147 148 149 150 151 152 153 154 155 156 157 158 159 160 161 162 163 164 165 166 167 168 169 170 171 172 173 174 175 176 177 178 179 180 181 182 183 184 185 186 187 188 189 190 191 192 193 194 195 196 197 198 199 200 201 202 203 204 205 206 207 208 209 210 211 212 213 214 215 216 217 218 219 220 221 222 223 224 225 226 227 228 229 230 231 232 233 234 235 236 237 238 239 240 241 242 243 244 245 246 247 248 249 250 251 252 253 254 255 256 257 258 259 260 261 262 263 264 265 266 267 268 269 270 271 272 273 274 275 276 277 278 279 280 281 282 283 284 285 286 287 288 289 290 291 292 293 294 295 296 297 298 299 300 301 302 303 304 305 306 307 308 309 310 311 312 313 314 315 316 317 318 319 320 321 322 323 324 325 326 327 328 329 330 331 332 333 334 335 336 337 338 339 340 341 342 343 344 345 346 347 348 349 350 351 352 353 354 355 356 357 358 359 360 361 362 363 364 365 366 367 368 369 370 371 372 373 374 375 376 377 378 379 380 381 382 383 384 385 386 387 388 389 390 391 392 393 394 395 396 397 398 399 400 401 402 403 404 405 406 407 408 409 410 411 412 413 414 415 416 417 418 419 420 421 422 423 424 425 426 427 428 429 430 431 432 433 434 435 436 437 438 439 440 441 442 443 444 445 446 447 448 449 450 451 452 453 454 455 456 457 458 459 460 461 462 463 464 465 466 467 468 469 470 471 472 473 474 475 476 477 478 479 480 481 482 483 484 485 486 487 488 489 490 491 492 493 494 495 496 497 498 499 500 501 502 503 504 505 506 507 508 509 510 511 512 513 514 515 516 517 518 519 520 521 522 523 524 525 526 527 528 529 530 531 532 533 534 535 536 537 538 539 540 541 542 543 544 545 546 547 548 549 550 551 552 553 554 555 556 557 558 559 560 561 562 563 564 565 566 567 568 569 570 571 572 573 574 575 576 577 578 579 580 581 582 583 584 585 586 587 588 589 590 591 592 593 594 595 596 597 598 599
